0.5
0.05,0.05,0.0485,0.04675,0.05,0.05475,0.06425,0.06875,0.07575,0.0785,0.08375,0.087
0.05,0.05,0.0485,0.03575,0.03325,0.032,0.03125,0.03125,0.033,0.034,0.035,0.033
0.5
0.05,0.05,0.04975,0.054,0.0535,0.05475,0.05625,0.06125,0.066,0.07425,0.08125,0.08825
0.05,0.05,0.04975,0.04275,0.03275,0.03175,0.03375,0.0295,0.0265,0.0275,0.0275,0.02775
0.4
0.05,0.05,0.04875,0.04625,0.04875,0.0505,0.05425,0.0555,0.0525,0.05625,0.0545,0.05775
0.05,0.05,0.04875,0.03475,0.0275,0.02625,0.02525,0.02625,0.02275,0.0235,0.0255,0.0215
0.4
0.05,0.05,0.0485,0.05425,0.05325,0.054,0.05525,0.0565,0.059,0.06275,0.06325,0.074
0.05,0.05,0.0485,0.03775,0.03175,0.03175,0.02875,0.02675,0.01975,0.02275,0.02125,0.02175
0.3
0.05,0.05,0.04625,0.05075,0.05475,0.0585,0.05975,0.0665,0.064,0.06575,0.06975,0.076
0.05,0.05,0.04625,0.045,0.04275,0.043,0.03725,0.0405,0.04225,0.03975,0.0445,0.04
0.3
0.05,0.05,0.04875,0.05175,0.0485,0.05175,0.0525,0.05775,0.059,0.05825,0.06475,0.067
0.05,0.05,0.04875,0.04525,0.039,0.03825,0.036,0.03,0.026,0.0245,0.028,0.02575
0.2
0.05,0.05,0.04825,0.05075,0.0555,0.05725,0.05875,0.0635,0.0615,0.05775,0.06075,0.0615
0.05,0.05,0.04825,0.04625,0.04625,0.045,0.042,0.0405,0.04225,0.03875,0.03725,0.03475
0.2
0.05,0.05,0.051,0.05,0.05325,0.0565,0.05925,0.06725,0.07475,0.08125,0.0975,0.12
0.05,0.05,0.051,0.0455,0.04025,0.03975,0.03975,0.04175,0.04075,0.04225,0.043,0.04075
0.1
0.05,0.05,0.05025,0.05275,0.05375,0.061,0.0655,0.07125,0.079,0.0835,0.08675,0.091
0.05,0.05,0.05025,0.051,0.0515,0.0545,0.056,0.056,0.0615,0.0605,0.055,0.052
0.1
0.05,0.05,0.04525,0.04925,0.0505,0.05525,0.06,0.0665,0.06875,0.07325,0.0745,0.0735
0.05,0.05,0.04525,0.0445,0.04425,0.045,0.049,0.0495,0.053,0.055,0.056,0.04625
